6.637500000000000000e+01,8.875000000000000000e+00
7.362500000000000000e+01,-3.875000000000000000e+00
7.587500000000000000e+01,3.625000000000000000e+00
6.037500000000000000e+01,-9.625000000000000000e+00
6.512500000000000000e+01,7.125000000000000000e+00
7.162500000000000000e+01,-9.375000000000000000e+00
6.612500000000000000e+01,-1.125000000000000000e+00
7.137500000000000000e+01,4.625000000000000000e+00
6.837500000000000000e+01,-2.375000000000000000e+00
6.912500000000000000e+01,-5.125000000000000000e+00
6.062500000000000000e+01,-8.750000000000000000e-01
7.887500000000000000e+01,-6.125000000000000000e+00
6.562500000000000000e+01,-8.625000000000000000e+00
7.662500000000000000e+01,-9.625000000000000000e+00
7.337500000000000000e+01,-6.250000000000000000e-01
6.262500000000000000e+01,-8.625000000000000000e+00
6.562500000000000000e+01,-6.625000000000000000e+00
7.612500000000000000e+01,8.125000000000000000e+00
6.812500000000000000e+01,3.125000000000000000e+00
6.537500000000000000e+01,-4.125000000000000000e+00
6.712500000000000000e+01,-8.750000000000000000e-01
6.887500000000000000e+01,8.750000000000000000e-01
6.862500000000000000e+01,6.375000000000000000e+00
6.887500000000000000e+01,5.625000000000000000e+00
7.912500000000000000e+01,-5.375000000000000000e+00
6.137500000000000000e+01,2.375000000000000000e+00
7.037500000000000000e+01,-3.125000000000000000e+00
6.337500000000000000e+01,3.125000000000000000e+00
7.212500000000000000e+01,6.875000000000000000e+00
6.712500000000000000e+01,-3.625000000000000000e+00
6.612500000000000000e+01,2.875000000000000000e+00
6.362500000000000000e+01,1.875000000000000000e+00
6.162500000000000000e+01,-2.125000000000000000e+00
6.287500000000000000e+01,-9.375000000000000000e+00
6.237500000000000000e+01,-7.125000000000000000e+00
6.937500000000000000e+01,4.375000000000000000e+00
